6.29223E-05 -0.0034709 0.0741232 -0.799794 5.3764005
7.10816E-05 -0.0037475 0.0761239 -0.7853327 5.2584365
6.74784E-05 -0.0034778 0.0700622 -0.7383699 5.1700901
7.08249E-05 -0.0037199 0.0760912 -0.8006524 5.4197988
7.80786E-05 -0.0040009 0.0796127 -0.8165343 5.4574044
9.62254E-05 -0.0047046 0.0889738 -0.8700712 5.6145764
9.44425E-05 -0.0047381 0.0912052 -0.8950038 5.7064533
0.00011782 -0.0053446 0.0929043 -0.8424557 5.4183484
5.47732E-05 -0.0026746 0.051255 -0.5390651 4.4696829
7.33245E-05 -0.0035187 0.0692354 -0.7588883 5.6519757
0.000113042 -0.005448 0.1013884 -0.9617798 5.9565483
0.000135551 -0.0066057 0.1254852 -1.194855 6.8352403
0.000136289 -0.0062655 0.1118288 -1.0262813 6.1980729
0.000102722 -0.0049582 0.0944622 -0.938278 6.1226787
0.000143302 -0.0066564 0.1211978 -1.1298257 6.6645145
0.000180834 -0.0080301 0.1362175 -1.1616432 6.5068799
0 0 0 0 0
3.44353E-05 -0.0025152 0.0670749 -0.8615098 6.414781
0.000141408 -0.0064995 0.1169457 -1.0838333 6.5771515
0 0 0 0 0
0 0 0 0 0
0 0 0 0 0
0 0 0 0 0
0 0 0 0 0
0 0 0 0 0
0 0 0 0 0
0 0 0 0 0
0 0 0 0 0
0 0 0 0 0
0 0 0 0 0
0 0 0 0 0
0 0 0 0 0
