0.0308125 -1.5812 0.00187011 -0.229398
0.0311566 -1.86584 0.00185276 -0.167414
0.0287088 -2.14586 0.00186661 -0.205324
0.0306068 -2.63927 0.00183853 -0.207421
0.0297572 -2.01969 0.0018543 -0.176627
0.0309063 -1.82614 0.00192038 -0.265208
0.0324897 -2.81105 0.0018137 -0.231595
0.0312438 -2.87571 0.00193669 -0.286944
0.0282775 -1.06597 0.00173339 -0.103142
0.0335205 -5.63949 0.00216202 -0.433818
0.0300474 -2.48958 0.00188229 -0.190244
0.0284477 -1.52978 0.00164464 -0.0694712
0.0286813 -1.83696 0.0018634 -0.154807
0.0312413 -1.90805 0.00185978 -0.208806
0.0283519 -0.922893 0.00163617 -0.0122114
0.0295287 -1.94149 0.00176118 -0.154339
0 0 0 0
0.0296381 -2.013 0.00168231 0.00175311
0.0348256 -3.65827 0.00161922 -0.0147094
0 0 0 0
0 0 0 0
0 0 0 0
