15 0.261799388 -0.0003531 0.0252505 0.2270874 14.1993
16 0.27925268 -0.000355 0.0253429 0.2248869 14.248
17 0.296705973 -0.0003571 0.0254439 0.2225177 14.3
18 0.314159265 -0.0003594 0.0255505 0.2200088 14.356
19 0.331612558 -0.0003619 0.0256684 0.2173013 14.4154
20 0.34906585 -0.0003645 0.0257911 0.2144682 14.478
21 0.366519143 -0.0003673 0.025922 0.2114684 14.545
22 0.383972435 -0.0003704 0.0260633 0.208282 14.615
23 0.401425728 -0.0003737 0.0262135 0.2049258 14.689
24 0.41887902 -0.0003773 0.0263745 0.2013793 14.7677
25 0.436332313 -0.0003811 0.0265471 0.1976325 14.85
26 0.453785606 -0.0003854 0.0267349 0.1936525 14.9365
