0 0 0
0 0 0
0 0 0
0 0 0
0 0 0
0 0 0
0 0 0
0 0.812037 -0.567474
0 0 0
0 0 0
0 0 0
0 0.810891 -1.64392
0 0.812399 -0.820888
0 0.809775 -1.21246
0 0 0
0 0.808728 -0.0615294
0 0 0
0 0.812598 -2.8827
0 0.812914 -3.91268
0 0.809045 -1.2343
0 0.811082 -1.79615
0 0.809532 -1.52417
0 0.811627 -3.34437
0 0.808623 -1.41149
0 0 0
0 0.809278 -1.37727
0 0.809413 -2.65632
0 0.811287 0.709603
0 0.812562 -1.483
0 0.811724 -1.55353
0 0.81243 -1.63546
0 0.81381 0.108725
0 0.811605 -1.89753
0 0.811128 -1.54906
0 0.81148 -1.57631
0 0.809779 -1.11885
0 0 0
0 0.811414 0.364128
0 0.810682 -2.62705
0 0.808114 -1.10712
0 0.811267 -1.09232
0 0.809969 -1.74298
0 0.809045 -1.92155
0 0.807938 -2.13109
0 0.810385 -2.58337
0 0.809649 -1.19889
0 0 0
0 0.809649 -1.77139
0 0.809919 -1.08304
0 0.809664 -1.58386
0 0.818355 -1.80429
0 0 0
0 0.811748 -2.36145
0 0 0
0 0 0
0 0.810873 -2.4617
0 0.816371 -1.82875
0 0.812523 -0.972264
0 0 0
0 0.812121 -2.02769
0 0.81758 -0.872092
0 0.811572 -2.05472
0 0.808726 -1.76965
0 0.811885 -0.967147
0 0.811176 -1.44684
0 0.809634 -0.866817
0 0.812088 -2.00794
0 0.809836 0.653886
0 0.811121 -1.37417
0 0.810695 -0.900771
0 0.811277 -0.697373
0 0.809972 -4.64299
0 0 0
0 0.673274 -2.01596
0 0.808954 -0.110569
0 0.81107 -2.26036
0 0.809374 -2.59112
0 0.808298 -2.25913
0 0 0
0 0.808768 -1.99465
0 0 0
0 0.808472 1.17556
0 0.809152 -0.903582
0 0.807084 -1.76348
0 0.809702 -1.70681
0 0.806217 -1.81275
0 0.810871 -1.99795
0 0.80862 -0.34272
0 0.809949 -3.21022
0 0 0
0 0 0
0 0.81006 -1.44904
0 0.809833 0.678344
0 0.812256 -3.89084
0 0.809949 -1.01783
0 0.808334 -0.594158
0 0.811001 -2.62884
0 0.811945 -3.32941
0 0.807952 -4.95152
0 0.808366 -2.73366
0 0 0
0 0.809091 -0.683976
0 0.809467 -2.00549
0 0.808178 -1.0228
0 0.813036 -2.23157
0 0.811439 -2.78601
0 0.812554 -1.24496
0 0.808415 -0.923584
0 0.807303 -1.14274
0 0.810811 -1.05798
0 0.811248 0.058118
