17.27465 72.0
17.27465 216.0
17.27465 144
17.27465 288
31.71747 36
17.27465 360
31.71747 108
31.71747 252
31.71747 180
31.71747 324
37.37737 72
37.37737 216
37.37737 144
37.37737 288
50.06504 22.84
37.37737 360
50.06504 49.16
50.06504 193.16
50.06504 94.84
50.06504 238.84
50.06504 121.16
50.06504 265.16
50.06504 166.84
50.06504 310.84
58.28253 72
50.06504 337.16
58.28253 144
58.28253 216
69.82033 18.49
58.28253 288
69.82033 53.51
58.28253 360
69.82033 90.49
69.82033 197.51
69.82033 125.51
69.82033 234.49
69.82033 162.49
69.82033 269.51
79.18768 72
69.82033 306.49
79.18768 144
69.82033 341.51
80.70960 36
79.18768 216
80.70960 108
79.18768 288
80.70960 180
79.18768 360
90 18
80.70960 252
90 54
80.70960 324
90 90
90 198
90 126
90 234
90 162
90 270
99.29040 72
90 306
99.29040 144
90 342
100.81232 36
99.29040 216
100.81232 108
99.29040 288
100.81232 180
99.29040 360
110.17967 17.51
100.81232 252
110.17967 54.49
100.81232 324
110.17967 89.51
110.17967 198.49
110.17967 126.49
110.17967 233.51
110.17967 161.51
110.17967 270.49
121.71747 36
110.17967 305.51
121.71747 108
110.17967 342.49
121.71747 180
121.71747 252
129.93496 13.16
121.71747 324
129.93496 58.84
129.93496 202.84
129.93496 85.16
129.93496 229.16
129.93496 130.84
129.93496 274.84
129.93496 157.16
129.93496 301.16
142.62263 36
129.93496 346.84
142.62263 108
142.62263 252
142.62263 180
142.62263 324
148.28253 72
148.28253 216
148.28253 144
148.28253 288
162.72535 36
148.28253 360
162.72535 108
162.72535 252
162.72535 180
162.72535 324
