672 631 612 579 554 527 487 445
672 631 606 581 551 527 488 438
733 692 644 636 599 573 527 476
697 655 628 609 570 546 506 451
688 643 618 594 557 532 485 436
649 608 584 561 526 497 457 400
643 587 575 521 521 491 450 402
666 603 597 539 535 475 462 411
667 590 585 529 1.0 1.0 1.0 1.0
694 627 624 564 1.0 1.0 1.0 1.0
654 590 581 520 514 462 1.0 1.0
645 573 570 545 1.0 1.0 1.0 1.0
645 575 569 535 1.0 1.0 1.0 1.0
597 533 521 484 1.0 1.0 1.0 1.0
596 546 527 493 1.0 1.0 1.0 1.0
605 560 535 500 1.0 1.0 1.0 1.0
1.0 1.0 1.0 1.0 1.0 1.0 1.0 1.0
596 537 529 478 1.0 1.0 1.0 1.0
546 503 482 441 1.0 1.0 1.0 1.0
1.0 1.0 1.0 1.0 1.0 1.0 1.0 1.0
569 512 496 444 1.0 1.0 1.0 1.0
581 518 497 439 1.0 1.0 1.0 1.0
539 469 453 403 1.0 1.0 1.0 1.0
573 520 487 444 1.0 1.0 1.0 1.0
530 485 456 403 1.0 1.0 1.0 1.0
521 467 436 384 1.0 1.0 1.0 1.0
539 476 1.0 1.0 1.0 1.0 1.0 1.0
1.0 1.0 1.0 1.0 1.0 1.0 1.0 1.0
1.0 1.0 1.0 1.0 1.0 1.0 1.0 1.0
1.0 1.0 1.0 1.0 1.0 1.0 1.0 1.0
1.0 1.0 1.0 1.0 1.0 1.0 1.0 1.0
1.0 1.0 1.0 1.0 1.0 1.0 1.0 1.0
