-15 -14.95 -14.975 0
-14.95 -14.9 -14.925 0
-14.9 -14.85 -14.875 0
-14.85 -14.8 -14.825 0
-14.8 -14.75 -14.775 0
-14.75 -14.7 -14.725 0
-14.7 -14.65 -14.675 0
-14.65 -14.6 -14.625 0
-14.6 -14.55 -14.575 0
-14.55 -14.5 -14.525 0
-14.5 -14.45 -14.475 0
-14.45 -14.4 -14.425 0
-14.4 -14.35 -14.375 0
-14.35 -14.3 -14.325 0
-14.3 -14.25 -14.275 0
-14.25 -14.2 -14.225 0
-14.2 -14.15 -14.175 0
-14.15 -14.1 -14.125 0
-14.1 -14.05 -14.075 0
-14.05 -14 -14.025 0
-14 -13.95 -13.975 0
-13.95 -13.9 -13.925 0
-13.9 -13.85 -13.875 0
-13.85 -13.8 -13.825 0
-13.8 -13.75 -13.775 0
-13.75 -13.7 -13.725 0
-13.7 -13.65 -13.675 0
-13.65 -13.6 -13.625 0
-13.6 -13.55 -13.575 0
-13.55 -13.5 -13.525 0
-13.5 -13.45 -13.475 0
-13.45 -13.4 -13.425 0
-13.4 -13.35 -13.375 0
-13.35 -13.3 -13.325 0
-13.3 -13.25 -13.275 0
-13.25 -13.2 -13.225 0
-13.2 -13.15 -13.175 0
-13.15 -13.1 -13.125 0
-13.1 -13.05 -13.075 0
-13.05 -13 -13.025 0
-13 -12.95 -12.975 0
-12.95 -12.9 -12.925 0
-12.9 -12.85 -12.875 0
-12.85 -12.8 -12.825 0
-12.8 -12.75 -12.775 0
-12.75 -12.7 -12.725 0
-12.7 -12.65 -12.675 0
-12.65 -12.6 -12.625 0
-12.6 -12.55 -12.575 0
-12.55 -12.5 -12.525 0
-12.5 -12.45 -12.475 0
-12.45 -12.4 -12.425 0
-12.4 -12.35 -12.375 0
-12.35 -12.3 -12.325 0
-12.3 -12.25 -12.275 0
-12.25 -12.2 -12.225 0
-12.2 -12.15 -12.175 0
-12.15 -12.1 -12.125 0
-12.1 -12.05 -12.075 0
-12.05 -12 -12.025 0
-12 -11.95 -11.975 0
-11.95 -11.9 -11.925 0
-11.9 -11.85 -11.875 0
-11.85 -11.8 -11.825 0
-11.8 -11.75 -11.775 0
-11.75 -11.7 -11.725 0
-11.7 -11.65 -11.675 0
-11.65 -11.6 -11.625 0
-11.6 -11.55 -11.575 0
-11.55 -11.5 -11.525 0
-11.5 -11.45 -11.475 0
-11.45 -11.4 -11.425 0
-11.4 -11.35 -11.375 0
-11.35 -11.3 -11.325 0
-11.3 -11.25 -11.275 0
-11.25 -11.2 -11.225 0
-11.2 -11.15 -11.175 0
-11.15 -11.1 -11.125 0
-11.1 -11.05 -11.075 0
-11.05 -11 -11.025 0
-11 -10.95 -10.975 0
-10.95 -10.9 -10.925 0
-10.9 -10.85 -10.875 0
-10.85 -10.8 -10.825 0
-10.8 -10.75 -10.775 0
-10.75 -10.7 -10.725 0
-10.7 -10.65 -10.675 0
-10.65 -10.6 -10.625 0
-10.6 -10.55 -10.575 0
-10.55 -10.5 -10.525 0
-10.5 -10.45 -10.475 0
-10.45 -10.4 -10.425 0
-10.4 -10.35 -10.375 0
-10.35 -10.3 -10.325 0
-10.3 -10.25 -10.275 0
-10.25 -10.2 -10.225 0
-10.2 -10.15 -10.175 0
-10.15 -10.1 -10.125 0
-10.1 -10.05 -10.075 0
-10.05 -10 -10.025 0
-10 -9.95 -9.975 0
-9.95 -9.9 -9.925 0
-9.9 -9.85 -9.875 0
-9.85 -9.8 -9.825 0
-9.8 -9.75 -9.775 0
-9.75 -9.7 -9.725 0
-9.7 -9.65 -9.675 0
-9.65 -9.6 -9.625 0
-9.6 -9.55 -9.575 0
-9.55 -9.5 -9.525 0
-9.5 -9.45 -9.475 0
-9.45 -9.4 -9.425 0
-9.4 -9.35 -9.375 0
-9.35 -9.3 -9.325 0
-9.3 -9.25 -9.275 0
-9.25 -9.2 -9.225 0
-9.2 -9.15 -9.175 0
-9.15 -9.1 -9.125 0
-9.1 -9.05 -9.075 0
-9.05 -9 -9.025 0
-9 -8.95 -8.975 0
-8.95 -8.9 -8.925 0
-8.9 -8.85 -8.875 0
-8.85 -8.8 -8.825 0
-8.8 -8.75 -8.775 0
-8.75 -8.7 -8.725 0
-8.7 -8.65 -8.675 0
-8.65 -8.6 -8.625 0
-8.6 -8.55 -8.575 0
-8.55 -8.5 -8.525 0
-8.5 -8.45 -8.475 0
-8.45 -8.4 -8.425 0
-8.4 -8.35 -8.375 0
-8.35 -8.3 -8.325 0
-8.3 -8.25 -8.275 0
-8.25 -8.2 -8.225 0
-8.2 -8.15 -8.175 0
-8.15 -8.1 -8.125 0
-8.1 -8.05 -8.075 0
-8.05 -8 -8.025 0
-8 -7.95 -7.975 0
-7.95 -7.9 -7.925 0
-7.9 -7.85 -7.875 0
-7.85 -7.8 -7.825 0
-7.8 -7.75 -7.775 0
-7.75 -7.7 -7.725 0
-7.7 -7.65 -7.675 0
-7.65 -7.6 -7.625 0
-7.6 -7.55 -7.575 0
-7.55 -7.5 -7.525 0
-7.5 -7.45 -7.475 0
-7.45 -7.4 -7.425 0
-7.4 -7.35 -7.375 0
-7.35 -7.3 -7.325 0
-7.3 -7.25 -7.275 0
-7.25 -7.2 -7.225 0
-7.2 -7.15 -7.175 0
-7.15 -7.1 -7.125 0
-7.1 -7.05 -7.075 0
-7.05 -7 -7.025 0
-7 -6.95 -6.975 0
-6.95 -6.9 -6.925 0
-6.9 -6.85 -6.875 0
-6.85 -6.8 -6.825 0
-6.8 -6.75 -6.775 0
-6.75 -6.7 -6.725 0
-6.7 -6.65 -6.675 0
-6.65 -6.6 -6.625 0
-6.6 -6.55 -6.575 0
-6.55 -6.5 -6.525 0
-6.5 -6.45 -6.475 0
-6.45 -6.4 -6.425 0
-6.4 -6.35 -6.375 0
-6.35 -6.3 -6.325 0
-6.3 -6.25 -6.275 0
-6.25 -6.2 -6.225 0
-6.2 -6.15 -6.175 0
-6.15 -6.1 -6.125 0
-6.1 -6.05 -6.075 0
-6.05 -6 -6.025 0
-6 -5.95 -5.975 0
-5.95 -5.9 -5.925 0
-5.9 -5.85 -5.875 0
-5.85 -5.8 -5.825 0
-5.8 -5.75 -5.775 0
-5.75 -5.7 -5.725 0
-5.7 -5.65 -5.675 0
-5.65 -5.6 -5.625 0
-5.6 -5.55 -5.575 0
-5.55 -5.5 -5.525 0
-5.5 -5.45 -5.475 0
-5.45 -5.4 -5.425 0
-5.4 -5.35 -5.375 0
-5.35 -5.3 -5.325 0
-5.3 -5.25 -5.275 0
-5.25 -5.2 -5.225 0
-5.2 -5.15 -5.175 0
-5.15 -5.1 -5.125 0
-5.1 -5.05 -5.075 0
-5.05 -5 -5.025 0
-5 -4.95 -4.975 0
-4.95 -4.9 -4.925 0
-4.9 -4.85 -4.875 0
-4.85 -4.8 -4.825 0
-4.8 -4.75 -4.775 0
-4.75 -4.7 -4.725 0
-4.7 -4.65 -4.675 0
-4.65 -4.6 -4.625 0
-4.6 -4.55 -4.575 0
-4.55 -4.5 -4.525 0
-4.5 -4.45 -4.475 0
-4.45 -4.4 -4.425 0
-4.4 -4.35 -4.375 0
-4.35 -4.3 -4.325 0
-4.3 -4.25 -4.275 0
-4.25 -4.2 -4.225 0
-4.2 -4.15 -4.175 0
-4.15 -4.1 -4.125 0
-4.1 -4.05 -4.075 0
-4.05 -4 -4.025 0
-4 -3.95 -3.975 0
-3.95 -3.9 -3.925 0
-3.9 -3.85 -3.875 0
-3.85 -3.8 -3.825 0
-3.8 -3.75 -3.775 0
-3.75 -3.7 -3.725 0
-3.7 -3.65 -3.675 0
-3.65 -3.6 -3.625 0
-3.6 -3.55 -3.575 0
-3.55 -3.5 -3.525 0
-3.5 -3.45 -3.475 0
-3.45 -3.4 -3.425 0
-3.4 -3.35 -3.375 0
-3.35 -3.3 -3.325 0
-3.3 -3.25 -3.275 0
-3.25 -3.2 -3.225 0
-3.2 -3.15 -3.175 0
-3.15 -3.1 -3.125 0
-3.1 -3.05 -3.075 0
-3.05 -3 -3.025 0
-3 -2.95 -2.975 0
-2.95 -2.9 -2.925 0
-2.9 -2.85 -2.875 0
-2.85 -2.8 -2.825 0
-2.8 -2.75 -2.775 0
-2.75 -2.7 -2.725 0
-2.7 -2.65 -2.675 0
-2.65 -2.6 -2.625 0
-2.6 -2.55 -2.575 0
-2.55 -2.5 -2.525 0
-2.5 -2.45 -2.475 0
-2.45 -2.4 -2.425 0
-2.4 -2.35 -2.375 0
-2.35 -2.3 -2.325 0
-2.3 -2.25 -2.275 0
-2.25 -2.2 -2.225 0
-2.2 -2.15 -2.175 0
-2.15 -2.1 -2.125 0
-2.1 -2.05 -2.075 0
-2.05 -2 -2.025 0
-2 -1.95 -1.975 0
-1.95 -1.9 -1.925 0
-1.9 -1.85 -1.875 0
-1.85 -1.8 -1.825 0
-1.8 -1.75 -1.775 0
-1.75 -1.7 -1.725 0
-1.7 -1.65 -1.675 0
-1.65 -1.6 -1.625 0
-1.6 -1.55 -1.575 0
-1.55 -1.5 -1.525 0
-1.5 -1.45 -1.475 0
-1.45 -1.4 -1.425 0
-1.4 -1.35 -1.375 0
-1.35 -1.3 -1.325 0
-1.3 -1.25 -1.275 0
-1.25 -1.2 -1.225 0
-1.2 -1.15 -1.175 0
-1.15 -1.1 -1.125 0
-1.1 -1.05 -1.075 0
-1.05 -1 -1.025 0
-1 -0.95 -0.975 0
-0.95 -0.9 -0.925 0
-0.9 -0.85 -0.875 0
-0.85 -0.8 -0.825 0
-0.8 -0.75 -0.775 0
-0.75 -0.7 -0.725 0
-0.7 -0.65 -0.675 0
-0.65 -0.6 -0.625 0
-0.6 -0.55 -0.575 0
-0.55 -0.5 -0.525 0
-0.5 -0.45 -0.475 0
-0.45 -0.4 -0.425 0
-0.4 -0.35 -0.375 0
-0.35 -0.3 -0.325 0
-0.3 -0.25 -0.275 0
-0.25 -0.2 -0.225 0
-0.2 -0.15 -0.175 0
-0.15 -0.1 -0.125 0
-0.1 -0.05 -0.075 0
-0.05 0 -0.025 0
