0 0
0 0
0 0
0 0
0 0
0 0
0 0
0.800692 13.2775
0 0
0 0
0 0
0.799561 12.219
0.801047 13.0315
0.79846 12.6441
0 0
0.797428 13.7787
0 0
0.801244 10.9963
0.801555 9.98205
0.79774 12.6235
0.79975 12.0678
0.798222 12.3351
0.800286 10.5425
0.797324 12.4485
0 0
0.79797 12.4818
0.798106 11.217
0.799953 14.5364
0.801209 12.3753
0.800382 12.3084
0.801078 12.2264
0.802439 13.9467
0.800263 11.972
0.799793 12.3145
0.80014 12.2881
0.798467 12.7316
0 0
0.800077 14.1974
0.799355 11.2498
0.796822 12.7482
0.799931 12.7625
0.798652 12.1202
0.797739 11.9471
0.796648 11.7389
0.799062 11.2917
0.798336 12.6577
0 0
0.798338 12.0888
0.798603 12.7706
0.798351 12.2779
0.806922 12.0586
0 0
0.800408 11.5065
0 0
0 0
0.799544 11.4106
0.804966 12.034
0.801169 12.8817
0 0
0.800775 11.8387
0.806155 12.9812
0.800231 11.8159
0.797426 12.0954
0.80054 12.8874
0.799841 12.4144
0.798321 12.9843
0.800741 11.8594
0.798513 14.4973
0.799787 12.486
0.799367 12.9532
0.79994 13.1536
0.798652 9.26551
0 0
0.663868 11.8494
0.797652 13.7291
0.799738 11.6083
0.798065 11.2842
0.797003 11.6138
0 0
0.797466 11.8747
0 0
0.797172 15.0047
0.797846 12.9482
0.795806 12.1021
0.798388 12.1567
0.794951 12.0542
0.79954 11.8706
0.797322 13.5005
0.798631 10.6745
0 0
0 0
0.798741 12.4115
0.798515 14.5131
0.800906 10.0047
0.798632 12.837
0.797039 13.2544
0.799669 11.2494
0.800601 10.5543
0.79666 8.96194
0.797071 11.1432
0 0
0.797786 13.1651
0.798156 11.863
0.796886 12.8303
0.801675 11.64
0.800096 11.103
0.801199 12.6134
0.797119 12.9298
0.796023 12.7129
0.799481 12.7985
0.799913 13.8959
