0 0 0
0 0 0
0 0 0
0 0 0
0 0 0
0 0 0
0 0 0
-2.20071e-06 0.818334 -3.67362
0 0 0
0 0 0
0 0 0
-2.27039e-06 0.817739 -5.13218
-2.33179e-06 0.819699 -4.78256
-2.26472e-06 0.816632 -4.76175
0 0 0
-2.26814e-06 0.815685 -3.82685
0 0 0
-2.19606e-06 0.818765 -5.62812
-2.23559e-06 0.819346 -6.7824
-2.28804e-06 0.81611 -4.97099
-2.21835e-06 0.817511 -4.89672
-2.17947e-06 0.815719 -4.44966
-2.24746e-06 0.818215 -6.4207
-2.26306e-06 0.815501 -4.96747
0 0 0
-2.25556e-06 0.816075 -4.8603
-2.0897e-06 0.814865 -4.81214
-2.18868e-06 0.817557 -2.51029
-2.17662e-06 0.818624 -4.28169
-2.27915e-06 0.818614 -5.08187
-2.23278e-06 0.81893 -4.80594
-2.31461e-06 0.820956 -3.80172
-2.39611e-06 0.819403 -6.19428
-2.35825e-06 0.818658 -5.64878
-2.37006e-06 0.819089 -5.73975
-2.06078e-06 0.815041 -3.26641
0 0 0
-2.2668e-06 0.818279 -3.34417
-2.24184e-06 0.817283 -5.79541
-2.26119e-06 0.815005 -4.71025
-2.27236e-06 0.818135 -4.65251
-2.20268e-06 0.816316 -4.78394
-2.31014e-06 0.816261 -5.7213
-2.23786e-06 0.814619 -5.44301
-2.20118e-06 0.816679 -5.48699
-2.26366e-06 0.816503 -4.74732
0 0 0
-2.0841e-06 0.815077 -3.99827
-2.22571e-06 0.816469 -4.37335
-2.2325e-06 0.81626 -4.8643
-2.208e-06 0.824452 -4.56193
0 0 0
-2.03705e-06 0.816719 -4.10945
0 0 0
0 0 0
-2.15319e-06 0.816778 -5.03049
-2.17723e-06 0.822296 -4.44606
-2.30793e-06 0.819628 -4.74471
0 0 0
-2.17539e-06 0.818171 -4.76163
-2.37583e-06 0.825035 -4.92387
-2.32672e-06 0.818823 -5.85161
-2.25537e-06 0.815529 -5.22077
-2.32656e-06 0.819158 -4.89377
-2.3234e-06 0.818435 -5.31683
-2.23478e-06 0.816272 -4.2593
-2.22951e-06 0.818563 -5.1194
-2.85359e-06 0.821366 -7.22348
-2.32107e-06 0.818366 -5.23978
-2.32926e-06 0.818034 -4.90186
-2.34376e-06 0.818715 -4.80248
-2.32745e-06 0.817204 -8.16778
0 0 0
-1.4789e-06 0.678137 -4.58875
-2.21593e-06 0.815492 -3.49813
-2.13957e-06 0.816868 -4.75476
-2.20171e-06 0.815707 -5.53555
-2.28091e-06 0.815301 -5.84032
0 0 0
-2.30563e-06 0.815957 -5.76457
0 0 0
-2.56395e-06 0.817798 -4.81787
-2.24059e-06 0.815851 -4.35008
-2.26829e-06 0.814046 -5.3696
-2.22879e-06 0.816264 -4.94376
-2.30263e-06 0.813479 -5.68745
-2.27858e-06 0.817772 -5.49683
-2.23143e-06 0.815284 -3.82019
-2.2106e-06 0.816311 -6.11234
0 0 0
0 0 0
-2.26154e-06 0.816874 -4.93357
-2.50176e-06 0.818605 -4.75977
-2.28121e-06 0.819069 -7.1042
-2.29844e-06 0.81707 -4.81966
-2.29158e-06 0.815472 -4.46779
-2.29963e-06 0.818043 -6.18523
-2.11409e-06 0.81748 -5.47301
-2.32793e-06 0.815252 -8.52013
-2.15943e-06 0.814398 -5.40237
0 0 0
-2.26665e-06 0.816004 -4.34295
-2.27655e-06 0.816402 -5.54423
-2.21512e-06 0.814708 -4.31362
-2.28155e-06 0.819877 -5.6362
-2.61106e-06 0.820898 -8.46292
-2.32163e-06 0.819756 -5.0747
-2.28486e-06 0.815487 -4.70381
-2.25816e-06 0.814198 -4.75192
-2.34647e-06 0.818276 -5.15311
-2.24749e-06 0.817958 -3.48263
