0 0
0 0
0 0
0 0
0 0
0 0
0 0
0.811509 -0.0205912
0 0
0 0
0 0
0.811042 -1.62643
0.812831 -1.25865
0.810144 -1.36361
0 0
0.809004 -0.270757
0 0
0.812518 -2.4425
0.812465 -3.05582
0.809336 -1.47657
0.810964 -1.3987
0.808613 -0.47659
0 0
0 0
0 0
0.809617 -1.54273
0 0
0.811364 0.558041
0.812259 -0.982711
0 0
0.812153 -1.19513
0 0
0.812285 -2.50287
0.811641 -2.00435
0.811866 -1.93469
0.80899 -0.186357
0.808568 -0.490197
0 0
0 0
0 0
0 0
0.810075 -1.55079
0 0
0 0
0 0
0.809361 -0.764506
0 0
0.808822 -0.726815
0.809588 -0.631688
0.809494 -1.32862
0 0
0 0
0.810751 -1.00903
0 0
0 0
0.809984 -1.23974
0.815403 -0.654659
0.812853 -1.14857
0 0
0 0
0 0
0.812086 -2.33232
0 0
0.812823 -1.79032
0.811769 -1.95462
0 0
0.811973 -1.65642
0.812683 -2.50367
0.811289 -1.44824
0 0
0 0
0 0
0 0
0 0
0.809219 -0.32554
0 0
0 0
0 0
0 0
0 0
0 0
0.810211 -0.970874
0.809214 -0.925704
0 0
0.809512 -1.41734
0 0
0.81103 -1.9498
0.808661 -0.264577
0.321863 521.613
0 0
0.811585 -1.05811
0.810051 -1.25273
0.811421 -1.06518
0.812235 -3.52556
0.810279 -1.2549
0 0
0 0
0 0
0 0
0 0
0.809375 -1.65839
0.8093 -0.826385
0 0
0 0
0.813141 -2.16925
0 0
0.812694 -1.36634
0.80876 -1.12434
0 0
0.811175 -1.38047
0 0
