0
0
0
0
0
0
0
7549.2
0
0
0
7562
7547.2
7571.8
0
7580.1
0
7547.3
7546
7578.9
7560.1
7574
7557.3
7583
0
7576.7
7576
7554.5
7545.6
7554.2
7547.4
7532.6
7556.5
7560.2
7557.1
7570.3
0
7554.2
7565.2
7587.3
7557.7
7570.4
7580.1
7590.3
7567.6
7573
0
7572.5
7569.99
7573.3
7492.6
0
7553.5
0
0
7562.6
7510.7
7546.1
0
7550.5
7499.5
7556.7
7582.5
7552.2
7559.4
7572.5
7551.1
7572.5
7559.8
7563.3
7557.6
7575.3
0
9107.3
7577.7
7560.3
7577.1
7587.4
0
7582.7
0
7582.7
7577.1
7598.1
7573.1
7606.5
7562.8
7581.2
7572.7
0
0
7569.6
7570.2
7552.4
7570.2
7584.7
7562.6
7553.5
7594.8
7586.6
0
7577.5
7575.9
7586.3
7542.9
7561.1
7546.3
7584.4
7594.9
7562.5
7556.2
