0 0 0 0 0
-3.94265E-13 2.77768E-08 -0.000731301 7.997953939 -8839.44238
-1.32088E-14 -8.84458E-11 1.99292E-05 -0.822952889 28770.48137
-4.571E-14 2.83867E-09 -7.26734E-05 0.338508302 23567.84632
6.73594E-15 -8.35101E-10 3.85835E-05 -1.290275171 30023.92243
0 0 0 0 0
-5.68249E-14 2.77357E-09 -2.98642E-05 -0.813382758 28224.95308
-1.21781E-13 7.45388E-09 -0.000177064 1.345218725 19387.03736
-2.0535E-13 1.20992E-08 -0.000268237 2.110138453 17678.14829
-2.44609E-13 1.57973E-08 -0.000396023 4.097017798 15889.14124
-9.51396E-14 5.50647E-09 -0.000149649 1.716863434 24118.22204
-1.09252E-13 7.224E-09 -0.000195572 2.053097573 23336.54635
-1.0033E-13 6.46643E-09 -0.000178022 1.959346377 23487.44482
-9.40518E-14 4.85912E-09 -8.67147E-05 0.076675414 26843.1002
-9.79548E-14 4.7957E-09 -7.5753E-05 -0.069824431 25858.46222
2.89167E-14 -2.27924E-09 4.70748E-05 -0.690176703 27173.32378
0 0 0 0 0
-1.24821E-13 6.82102E-09 -0.000147028 1.069477637 22507.31333
0 0 0 0 0
-7.17255E-14 2.88943E-09 -4.19363E-05 -0.214731095 27781.6075
-3.26443E-13 2.07693E-08 -0.000503238 5.050444566 7126.164907
-2.77722E-13 1.68182E-08 -0.000393252 3.737612597 12683.11213
0 0 0 0 0
-2.82533E-16 -1.13297E-09 4.26161E-05 -0.891932242 29320.1706
6.6644E-15 -1.24454E-09 4.76609E-05 -1.170337322 31693.00384
-6.8826E-14 3.95394E-09 -8.52679E-05 0.270368355 25983.16806
5.38048E-14 -3.93296E-09 0.000109109 -1.925126034 32848.82068
0 0 0 0 0
-1.11611E-14 6.34219E-10 3.04759E-06 -0.999753081 29521.68253
-2.456E-13 1.52008E-08 -0.000350396 3.009600694 14347.01393
1.14507E-14 -2.70116E-09 0.000101128 -1.855683732 33804.73133
-5.54954E-14 3.62253E-09 -0.000108532 1.162252975 27843.02076
-8.28925E-14 5.3093E-09 -0.000145472 1.570618987 26058.53227
-1.57373E-13 1.0052E-08 -0.000245938 2.36696473 23763.7747
-1.35576E-13 9.06051E-09 -0.000237756 2.487187702 22851.796
-1.4356E-13 9.07983E-09 -0.000207438 1.488607 22133.3191
1.90336E-13 -1.21576E-08 0.000277439 -3.100354416 35590.38397
-2.94381E-14 2.54971E-09 -8.52709E-05 0.789305284 22407.32212
0 0 0 0 0
-3.50863E-13 2.42985E-08 -0.000630852 6.780514981 -943.2957671
-1.00625E-15 -9.22723E-11 -1.46384E-05 0.12958838 24436.06923
-7.43449E-14 4.15162E-09 -9.12026E-05 0.421324094 26134.59204
-1.60781E-13 8.67791E-09 -0.000187471 1.64751218 20537.3835
-5.36786E-13 3.34916E-08 -0.00078203 7.68825345 -1167.054289