461.449 479.540 545.776 602.697 657.702
458.086 476.192 542.496 598.989 653.287
498.609 518.457 590.579 652.652 711.873
475.589 494.325 562.646 621.321 676.988
459.448 479.258 549.701 610.569 668.458
426.830 446.985 515.280 574.141 630.106
427.841 447.154 512.512 569.113 622.962
438.095 457.710 526.87 586.119 642.607
410.065 431.041 509.109 574.948 637.804
472.874 492.144 557.704 614.092 667.632
412.775 434.163 508.293 572.043 632.206
391.822 413.817 493.979 560.980 626.196
387.474 411.386 491.282 558.853 623.238
348.873 369.129 444.434 507.341 567.083
337.870 361.674 445.402 515.263 582.067
348.116 371.138 452.680 520.918 585.601
0 0 0 0 0
327.294 351.163 434.345 505.216 570.578
316.726 336.740 409.116 469.599 526.938
0 0 0 0 0
0 0 0 0 0
0 0 0 0 0
978.893 955.338 875.230 821.665 774.723
974.011 947.545 865.443 807.179 760.363
1007.37 979.173 895.7 835.073 786.486
1045.5 1016.09 928.514 862.314 812.843
1043.58 1013.23 920.392 854.009 803.049
1079.4 1044.62 953.37 887.996 833.787
1148.19 1117.14 1009.85 938.099 880.042
1134.66 1096.07 992.292 924.745 867.805
1191.54 1152.54 1022.02 942.464 885.228
1136.69 1096.23 997.959 925.772 872.710
1205.61 1164.15 1036.62 953.756 889.815
1345.02 1293.55 1143.14 1038.04 964.572
1269.97 1219.29 1078.29 983.688 913.848
1338.88 1284.77 1136.62 1033.77 962.692
1446.62 1380.8 1202.15 1078.02 994.88
1467.77 1403.96 1223.19 1110.26 1021.16
0 0 0 0 0
1540.34 1466.60 1251.09 1115.41 1018.16
1658.74 1589.21 1344 1194.42 1088.82
0 0 0 0 0
0 0 0 0 0
0 0 0 0 0
