0.319592757 21.58563878 22.08977848 23.45550499 24.725682 26.0304806
0.347766988 21.50943624 22.01284563 23.37663095 24.64504846 25.94808229
0.374836279 21.43067658 21.93332799 23.29509868 24.56169021 25.8628927
0.40081141 21.35009778 21.85197036 23.21167108 24.4763866 25.77570766
0.425708874 21.26836341 21.76944251 23.12703442 24.38983885 25.6872434
0.449549852 21.18606294 21.6863395 23.04179861 24.30267032 25.59813679
0.472359274 21.10371402 21.60318395 22.95649953 24.21542892 25.50894776
0.494164966 21.02176614 21.52042976 22.87160275 24.1285908 25.42016312
0.5149969 20.94060524 21.43846674 22.78750834 24.0425653 25.33220146
0.534886543 20.86055895 21.35762583 22.70455609 23.95770024 25.24541868
0.55386629 20.78190198 21.27818461 22.6230312 23.87428773 25.16011379
0.571968992 20.70486164 21.20037285 22.54316991 23.79256985 25.07653473
0.589227563 20.62962317 21.12437782 22.46516494 23.71274425 24.99488409
0.605674652 20.55633483 21.0503495 22.3891708 23.63496954 24.91532457
0.621342382 20.48511266 20.97840531 22.31530862 23.55937019 24.837984
0.636262144 20.41604478 20.90863453 22.24367067 23.48604119 24.76296007
0.650464438 20.34919545 20.84110229 22.17432445 23.41505216 24.69032456
0.66397875 20.28460854 20.77585316 22.10731635 23.34645116 24.62012713
0.676833467 20.22231072 20.71291432 22.04267491 23.28026794 24.55239878
0.689055817 20.16231428 20.65229843 21.98041375 23.21651696 24.48715481
0.700671836 20.10461957 20.59400606 21.92053405 23.15519997 24.42439751
0.711706345 20.04921715 20.5380279 21.86302681 23.09630825 24.36411845
