0.319592757 18.31131613 -0.0003601 0.0255859 0.2191878 14.374
0.347766988 19.92558066 -0.0003643 0.0257818 0.2146818 14.4735
0.374836279 21.4765368 -0.0003688 0.0259889 0.2099639 14.578
0.40081141 22.96480217 -0.0003736 0.0262088 0.2050384 14.6868
0.425708874 24.39132176 -0.0003788 0.0264414 0.1999287 14.7994
0.449549852 25.75730921 -0.0003843 0.0266866 0.1946544 14.915
0.472359274 27.06419282 -0.0003903 0.0269473 0.1892048 15.0333
0.494164966 28.31356693 -0.0003971 0.0272367 0.1834221 15.154
0.5149969 29.50714886 -0.0004044 0.0275414 0.1775063 15.2764
0.534886543 30.64674144 -0.0004124 0.0278684 0.171398 15.3998
0.55386629 31.73420081 -0.0004212 0.0282207 0.1650768 15.52397
0.571968992 32.77140927 -0.000431 0.0286072 0.1584694 15.6486944
0.589227563 33.76025255 -0.0004421 0.0290318 0.1515715 15.7735
0.605674652 34.70260131 -0.000454 0.0294737 0.1446596 15.897
0.621342382 35.60029611 -0.0004536 0.0294521 0.1430796 16.00239
0.636262144 36.45513552 -0.000453 0.0294251 0.141584 16.10651
0.650464438 37.26886703 -0.0004524 0.0293921 0.140202 16.20898
0.66397875 38.04318007 -0.0004515 0.0293525 0.1389316 16.3096855
0.676833467 38.77970109 -0.0004505 0.0293061 0.1377774 16.4084
0.689055817 39.47999018 -0.0004493 0.0292526 0.1367442 16.505
