9.58736E-05 -0.005004325 0.09850599 -0.951578569 5.481066971
4.58622E-05 -0.002791027 0.064263205 -0.72873578 4.910661647
8.33775E-05 -0.004234406 0.082446351 -0.817476728 5.125930429
9.2769E-05 -0.004660206 0.089072239 -0.86131674 5.27060209
8.19326E-05 -0.004129098 0.080687961 -0.814439778 5.226642636
0.000107669 -0.005293494 0.099267333 -0.936588513 5.5173961
8.34088E-05 -0.004352595 0.087150646 -0.879866586 5.472225508
0.000132818 -0.006067932 0.104607707 -0.910797435 5.295520621
2.96136E-05 -0.001758367 0.040122783 -0.494941402 4.290087489
7.96466E-05 -0.003581261 0.062440322 -0.610294879 4.59860575
0.000161845 -0.007319907 0.124286453 -1.04609093 5.692293351
0.000158966 -0.007597084 0.139545653 -1.271266346 6.757662864
0.000157093 -0.007094764 0.122639572 -1.073931086 6.016219882
0.00015164 -0.006988895 0.123610272 -1.105375284 6.213523772
0.000204151 -0.009340429 0.162529427 -1.383715948 6.935214321
0.000184854 -0.007928919 0.130718604 -1.107999981 6.162518214
0 0 0 0 0
0.000715706 -0.028201199 0.403250688 -2.61193287 9.009177883
0.000215918 -0.00894451 0.144256971 -1.21198922 6.622515836
0 0 0 0 0
0 0 0 0 0
0 0 0 0 0
0 0 0 0 0
0 0 0 0 0
0 0 0 0 0
0 0 0 0 0
0 0 0 0 0
0 0 0 0 0
0 0 0 0 0
0 0 0 0 0
0 0 0 0 0
0 0 0 0 0
