0 0 0
2.06875E-08 -0.000398987 20.07271179
3.53003E-8 -0.00096667 25.09342
2.57832E-08 -0.000600656 21.98561975
2.27972E-08 -0.00055628 21.7205527
0 0.000310552 13.78525278
1.45128E-08 -0.000171207 18.48706403
1.28416E-08 -9.16296E-05 17.78956695
0 3.408E-4 13.003
0 0 0
0 0 0
0 0 0
0 0 0
-2.37186E-09 0.000315528 15.70416264
-5.43314E-09 0.000419413 15.45151776
0 0.000234642 16.6488545
0 0 0
0 0.000205631 17.08213257
0 0.000283189 16.19394676
0 0.000210688 16.64430186
0 0 0
0 0 0
0 0 0
0 0 0
0 0 0
0 0 0
0 0 0
0 0 0
0 0 0
0 0 0
0 0 0
0 0 0
