0 0 0
0 0 0
0 0 0
0 0 0
0 0 0
0 0 0
0 0 0
3.62635e-07 0.80769 4.42601
0 0 0
0 0 0
0 0 0
-1.11156e-05 0.923464 -130.169
-2.35708e-09 0.811889 -0.336614
-3.29395e-07 0.812471 -4.39515
0 0 0
1.04501e-07 0.807586 1.22591
-1.08586e-07 0.808822 -0.4977
-3.69671e-07 0.814979 -5.82055
-8.37502e-07 0.819136 -11.2675
-3.10414e-07 0.811381 -3.9981
-3.23354e-07 0.813362 -4.50888
-3.37146e-07 0.810919 -2.963
-5.53079e-07 0.815733 -8.34378
-2.52196e-07 0.810164 -3.24939
-1.99895e-07 0.811362 -2.08044
-1.42316e-07 0.809822 -2.08611
-9.78356e-08 0.808747 -1.96764
4.81736e-07 0.805685 7.36585
-2.40785e-07 0.8131 -1.9584
-2.14183e-07 0.812699 -2.73521
-2.73808e-07 0.814133 -3.65085
-4.35548e-07 0.813511 1.30711
-5.99302e-07 0.816195 -7.27312
-3.66141e-07 0.813981 -4.97984
-3.77159e-07 0.814382 -5.06134
2.09269e-07 0.806351 2.93928
-1.18796e-09 0.807962 0.231357
2.598e-07 0.808635 3.60274
-3.90157e-07 0.812427 -4.67313
-1.45533e-07 0.809225 -2.52286
-3.58141e-07 0.813349 -3.38193
-1.07428e-07 0.809954 -1.80909
-4.21219e-07 0.811665 -4.99055
-3.01758e-07 0.809956 -4.62857
-3.61833e-07 0.812056 -4.5536
-2.87639e-07 0.811239 -2.99189
0 0 0
-6.7675e-08 0.808471 -0.302562
-2.20169e-07 0.810591 -1.74053
-1.51421e-07 0.810491 -2.67311
6.55283e-09 0.816928 -0.21721
0 0 0
-8.65545e-08 0.811151 -1.70277
0 0 0
0 0 0
-4.74043e-07 0.813261 -5.11639
-1.03928e-07 0.81587 -1.24262
-2.21049e-07 0.814261 -3.05791
0 0 0
-2.02072e-07 0.812214 -2.08363
-3.79467e-08 0.817377 -0.743734
-4.68535e-07 0.815039 -6.17772
-2.42595e-07 0.809748 -2.99552
-1.40549e-07 0.8124 -1.60135
-3.33094e-07 0.813669 -4.42225
-8.66996e-08 0.809385 -0.523903
-3.13281e-07 0.81375 -3.96159
-9.0559e-07 0.819636 -10.8653
-5.62862e-07 0.814856 -5.54819
-2.92005e-07 0.812947 -3.54188
-1.85033e-07 0.812717 -2.43502
-1.0827e-06 0.818691 -15.0783
0 0 0
-1.50675e-07 0.673796 -2.73715
3.6381e-08 0.807842 1.28988
-1.93784e-07 0.811554 -2.87497
-3.94941e-07 0.811718 -5.39768
-5.58841e-07 0.812263 -6.90466
0 0 0
-3.58087e-07 0.811451 -5.27903
-1.4337e-07 0.810407 -1.16198
-1.1677e-07 0.809946 -0.544559
-1.91104e-07 0.810419 -2.38502
-6.21141e-07 0.811438 -6.71928
-2.21586e-07 0.810591 -2.76578
-6.6423e-07 0.810881 -7.13442
-2.66912e-07 0.812631 -4.206
-5.25021e-07 0.810443 -1.82463
-5.12354e-07 0.81305 -6.91593
0 0 0
-1.86903e-07 0.812355 -1.95672
-2.095e-07 0.811131 -2.74388
-1.10609e-07 0.811044 -0.750477
-1.01045e-06 0.820177 -13.2038
-1.8571e-07 0.81116 -2.48855
-1.07926e-07 0.808651 -0.949627
-6.66069e-07 0.816108 -8.64621
-2.91486e-07 0.81303 -4.73235
-1.38155e-06 0.819135 -18.1897
-5.35725e-08 0.80792 -2.48024
-3.306e-07 0.811907 -4.82258
-2.27152e-07 0.810845 -2.71952
-6.31062e-08 0.809503 -2.31594
1.37766e-07 0.806634 0.596173
-4.16068e-07 0.816148 -5.97971
-8.37624e-07 0.818424 -11.184
-4.70978e-07 0.816071 -5.27007
-2.69894e-07 0.810434 -3.28893
-2.70559e-07 0.809265 -3.4602
-4.10069e-07 0.813972 -4.72027
1.76607e-09 0.810841 0.605942
