0 0 0
0 0 0
0 0 0
0 0 0
0 0 0
0 0 0
0 0 0
0 0.811847 -0.335595
0 0 0
0 0 0
0 0 0
0 0.810702 -1.41174
0 0.812209 -0.588887
0 0.809585 -0.980384
0 0 0
0 0.808539 0.170269
0 0.808412 -0.0663045
0 0.812408 -2.65026
0 0.812724 -3.67997
0 0.808856 -1.0022
0 0.810892 -1.56395
0 0.809343 -1.29205
0 0.811437 -3.11179
0 0.808433 -1.17936
0 0.81012 -0.647042
0 0.809089 -1.14516
0 0.809224 -2.42397
0 0.811097 0.941176
0 0.812372 -1.2509
0 0.811534 -1.32137
0 0.81224 -1.4033
0 0.81362 0.340486
0 0.811415 -1.66524
0 0.810938 -1.31687
0 0.811291 -1.3441
0 0.80959 -0.88688
0 0.808273 -0.133479
0 0.811224 0.59581
0 0.810493 -2.39464
0 0.807925 -0.875064
0 0.811077 -0.860276
0 0.80978 -1.51079
0 0.808856 -1.68927
0 0.807749 -1.89879
0 0.810195 -2.35099
0 0.80946 -0.96682
0 0 0
0 0.809459 -1.53926
0 0.809729 -0.851012
0 0.809475 -1.3517
0 0.818164 -1.57211
0 0 0
0 0.811558 -2.12919
0 0 0
0 0 0
0 0.810683 -2.22936
0 0.81618 -1.59658
0 0.812333 -0.740235
0 0 0
0 0.811931 -1.79546
0 0.817388 -0.640075
0 0.811382 -1.82241
0 0.808537 -1.53743
0 0.811695 -0.735109
0 0.810986 -1.21469
0 0.809444 -0.634837
0 0.811898 -1.77568
0 0.809646 0.885738
0 0.810931 -1.14204
0 0.810505 -0.668742
0 0.811087 -0.465394
0 0.809782 -4.41004
0 0 0
0 0.673117 -1.78374
0 0.808765 0.121221
0 0.81088 -2.02809
0 0.809185 -2.35873
0 0.808109 -2.02678
0 0 0
0 0.808579 -1.76236
0 0.810119 -0.834097
0 0.808282 1.40717
0 0.808963 -0.671591
0 0.806895 -1.53126
0 0.809513 -1.47462
0 0.806028 -1.5805
0 0.810681 -1.76568
0 0.808431 -0.110872
0 0.809759 -2.97767
0 0 0
0 0.811367 -0.807873
0 0.80987 -1.2169
0 0.809644 0.910052
0 0.812066 -3.65811
0 0.80976 -0.785791
0 0.808145 -0.36222
0 0.810812 -2.39641
0 0.811755 -3.09689
0 0.807763 -4.7185
0 0.808177 -2.50125
0 0.809476 -1.86459
0 0.808902 -0.45203
0 0.809278 -1.77322
0 0.807989 -0.790785
0 0.812846 -1.99925
0 0.811249 -2.55339
0 0.812364 -1.01286
0 0.808226 -0.691566
0 0.807114 -0.910681
0 0.810621 -0.825912
0 0.811058 0.289876
