0
0
0
0
0
0
0
1.000244918
0
0
0
1.000048974
0.999638965
1.000214297
0
1.000293916
1.000073463
1.000202049
1.000349044
1.000189801
1.000140813
1.000048974
1.000453193
1.00006734
0.999669551
0.999706257
1.000324542
1.000024486
0.999804152
1.000018365
0.999926548
0.997575676
0.999846987
1.000073463
0.999902066
1.000061218
1.000048974
1.000263292
0.999846987
1.000496083
0.999963273
1.000342919
1.000012243
1.000097953
1.00003673
1.000263292
0
1.000373548
1.000189801
1.000042852
0.99981639
0
1.000716723
0
0
1.00003673
0.999969394
1.000226545
0
1.000300041
0.999681786
1.000012243
0.999828629
1.000061218
1.000195925
1.000251042
0.999877586
0.999926548
0.999859226
1.000006121
1.000306166
0.999963273
0
1.000189801
1.000195925
1.000545106
1.000189801
0.999957152
0
1.000079585
0.999779676
0.999785795
1.000042852
0.999382116
1.000159183
0.999382116
1.000195925
0.999308754
1.000373548
0
1.000061218
1.000061218
1.00015306
1.000220421
1.000073463
1.000159183
1.000085708
1.000661554
1.000244918
1.000281666
1.000367422
1.000263292
1.000269416
1.000208173
1.000269416
0.999657316
0.999926548
1.000159183
1.000195925
1.00003673
1.001170565
