0 0 0
0 0 0
0 0 0
0 0 0
0 0 0
0 0 0
0 0 0
5.7014e-08 0.811571 -0.0968899
0 0 0
0 0 0
0 0 0
-2.04134e-08 0.810988 -1.55314
-7.38579e-08 0.812943 -1.21162
-2.07207e-08 0.809891 -1.18486
0 0 0
-3.01513e-08 0.808962 -0.261165
-1.0987e-07 0.809715 -1.63032
6.3701e-08 0.811992 -2.03946
2.59455e-08 0.812563 -3.18314
-4.85501e-08 0.809378 -1.3963
3.28704e-08 0.810758 -1.31717
6.3353e-08 0.808979 -0.872258
6.90376e-09 0.811446 -2.82576
-2.60941e-08 0.808773 -1.39351
-1.7619e-07 0.81007 -1.91998
-1.48222e-08 0.809342 -1.28592
1.53479e-07 0.808113 -1.22104
6.40748e-08 0.810815 1.04913
8.2996e-08 0.811859 -0.705588
-2.48802e-08 0.811859 -1.50586
2.58691e-08 0.812166 -1.22792
-4.82878e-08 0.81419 -0.235929
-1.42826e-07 0.812647 -2.61289
-1.07224e-07 0.811906 -2.06905
-1.17693e-07 0.812339 -2.16387
1.84392e-07 0.808297 0.309743
-1.9819e-07 0.810159 -1.79027
-1.31502e-08 0.81153 0.222762
6.68701e-09 0.810531 -2.21105
-2.66927e-08 0.808281 -1.1363
-2.00763e-08 0.811382 -1.07666
4.21226e-08 0.809574 -1.20705
-7.14311e-08 0.809531 -2.14544
-4.72596e-09 0.807894 -1.86392
4.63262e-08 0.809925 -1.89998
-2.05886e-08 0.809765 -1.17234
0 0 0
1.60623e-07 0.808327 -0.413382
1.94184e-08 0.809726 -0.796781
1.00963e-08 0.809526 -1.29128
8.4088e-08 0.817636 -0.982032
0 0 0
2.18772e-07 0.809953 -0.525887
0 0 0
0 0 0
9.69896e-08 0.810023 -1.44691
1.04007e-07 0.815496 -0.865032
-4.91982e-08 0.812869 -1.17262
0 0 0
8.15204e-08 0.811409 -1.18266
-8.89124e-08 0.818235 -1.35117
-7.39995e-08 0.812071 -2.27453
-1.79948e-08 0.8088 -1.64519
-7.16774e-08 0.812407 -1.32306
-7.20403e-08 0.811683 -1.73889
8.29018e-09 0.809536 -0.687703
2.70083e-08 0.811802 -1.53986
-6.12519e-07 0.814648 -3.66303
-6.9988e-08 0.811615 -1.66235
-8.12874e-08 0.811295 -1.3336
-9.22444e-08 0.811969 -1.23319
-8.38597e-08 0.810452 -4.5696
0 0 0
7.26788e-08 0.672528 -1.00635
2.34901e-08 0.808766 0.0671342
1.12249e-07 0.810109 -1.16945
4.01456e-08 0.808962 -1.94858
-4.62217e-08 0.808575 -2.26169
0 0 0
-6.80305e-08 0.809225 -2.18506
-2.45084e-07 0.810407 -2.02688
-3.28699e-07 0.811088 -1.26061
-1.5301e-10 0.809119 -0.777543
-4.03218e-08 0.807334 -1.79562
1.39992e-08 0.809528 -1.36996
-7.90975e-08 0.806769 -2.10881
-2.91656e-08 0.811023 -1.91766
6.44327e-09 0.808557 -0.249997
3.38714e-08 0.809562 -2.5239
0 0 0
-2.28753e-07 0.810333 -1.93249
-1.69945e-08 0.810138 -1.36237
-2.58765e-07 0.81188 -1.19948
-2.35808e-08 0.812292 -3.50491
-5.4197e-08 0.810334 -1.24842
-5.58595e-08 0.808749 -0.897159
-4.96903e-08 0.81129 -2.60121
1.42303e-07 0.810709 -1.88169
-9.60036e-08 0.808518 -4.9223
7.64063e-08 0.807665 -1.81884
-2.29483e-07 0.810341 -1.98648
-2.64573e-08 0.809272 -0.77053
-3.45386e-08 0.809661 -1.96199
1.97909e-08 0.807985 -0.741878
-1.99192e-08 0.813106 -2.05397
-3.6259e-07 0.814164 -4.89368
-6.29728e-08 0.812997 -1.50146
-4.90134e-08 0.808764 -1.13292
-2.76934e-08 0.807477 -1.17423
-9.77096e-08 0.811533 -1.58171
4.44074e-09 0.811215 0.0804255
