0 0 0
0 0 0
0 0 0
0 0 0
0 0 0
0 0 0
0 0 0
1.92012e-08 0.811684 -0.156794
0 0 0
0 0 0
0 0 0
-5.80964e-08 0.811101 -1.61308
-1.11674e-07 0.813056 -1.27143
-5.83036e-08 0.810004 -1.24477
0 0 0
-6.76336e-08 0.809074 -0.320884
-1.32503e-07 0.809446 -0.973109
2.58542e-08 0.812106 -2.09957
-1.1931e-08 0.812677 -3.24343
-8.60574e-08 0.809491 -1.45617
-4.8334e-09 0.810871 -1.37712
2.57898e-08 0.809092 -0.932173
-3.08526e-08 0.811559 -2.88597
-6.35591e-08 0.808886 -1.45337
-8.32003e-08 0.810745 -1.12918
-5.23505e-08 0.809455 -1.34578
1.1591e-07 0.808226 -1.28119
2.63453e-08 0.810928 0.989517
4.51516e-08 0.811973 -0.765481
-6.26351e-08 0.811972 -1.56576
-1.19592e-08 0.81228 -1.28785
-8.62445e-08 0.814303 -0.295649
-1.80564e-07 0.81276 -2.67287
-1.44924e-07 0.812019 -2.129
-1.55416e-07 0.812452 -2.22376
1.4679e-07 0.80841 0.249849
-4.30361e-08 0.808604 -0.41229
-5.08946e-08 0.811643 0.163022
-3.09717e-08 0.810644 -2.27109
-6.41165e-08 0.808394 -1.19615
-5.77979e-08 0.811495 -1.13655
4.52635e-09 0.809687 -1.26695
-1.08925e-07 0.809644 -2.20533
-4.21269e-08 0.808007 -1.92386
8.68454e-09 0.810038 -1.96006
-5.81559e-08 0.809878 -1.23221
0 0 0
1.23028e-07 0.80844 -0.473422
-1.81833e-08 0.809839 -0.856682
-2.74632e-08 0.809638 -1.35112
4.56996e-08 0.81775 -1.04199
0 0 0
1.80991e-07 0.810067 -0.585905
0 0 0
0 0 0
5.93033e-08 0.810136 -1.50693
6.58003e-08 0.81561 -0.925008
-8.70278e-08 0.812982 -1.23244
0 0 0
4.37212e-08 0.811523 -1.2426
-1.27214e-07 0.818348 -1.41101
-1.11728e-07 0.812184 -2.33444
-5.54668e-08 0.808913 -1.70507
-1.09442e-07 0.81252 -1.38287
-1.09746e-07 0.811796 -1.79882
-2.92771e-08 0.809649 -0.74752
-1.07842e-08 0.811915 -1.59982
-6.50052e-07 0.814761 -3.72266
-1.0769e-07 0.811728 -1.72227
-1.18937e-07 0.811408 -1.39336
-1.29953e-07 0.812082 -1.29297
-1.21436e-07 0.810565 -4.62986
0 0 0
4.66928e-08 0.672622 -1.06635
-1.4016e-08 0.808879 0.00742246
7.45348e-08 0.810222 -1.22949
2.59865e-09 0.809075 -2.00866
-8.36486e-08 0.808687 -2.32163
0 0 0
-1.05506e-07 0.809338 -2.24501
-1.1393e-07 0.810977 -1.50188
-3.66135e-07 0.8112 -1.32019
-3.76762e-08 0.809232 -0.837376
-7.76361e-08 0.807446 -1.85548
-2.35634e-08 0.809641 -1.42982
-1.16338e-07 0.806882 -2.16874
-6.68392e-08 0.811136 -1.97761
-3.10369e-08 0.80867 -0.309791
-3.71939e-09 0.809675 -2.584
0 0 0
-8.03627e-08 0.811962 -1.24624
-5.45866e-08 0.81025 -1.42218
-2.96331e-07 0.811993 -1.25911
-6.1392e-08 0.812406 -3.56519
-9.1784e-08 0.810447 -1.30823
-9.33036e-08 0.808862 -0.956961
-8.73726e-08 0.811403 -2.66124
1.04513e-07 0.810822 -1.94184
-1.33384e-07 0.80863 -4.98255
3.89601e-08 0.807777 -1.87886
-3.22883e-08 0.809658 -1.82523
-6.39764e-08 0.809385 -0.830361
-7.20881e-08 0.809774 -2.02199
-1.76398e-08 0.808097 -0.801699
-5.77975e-08 0.81322 -2.11397
-4.00248e-07 0.814277 -4.95346
-1.00801e-07 0.81311 -1.56131
-8.64597e-08 0.808876 -1.19273
-6.50497e-08 0.80759 -1.23415
-1.35372e-07 0.811646 -1.64152
-3.3275e-08 0.811328 0.0207509
