0 1 0
0 1 0
0 1 0
0 1 0
0 1 0
0 1 0
0 1 0
0 1 0
0 1 0
0 1 0
0 1 0
1.02716E-09 1.000141615 0.070006563
0 1 0
0 1 0
0 1 0
0 1 0
-5.86408E-08 0.999897193 0.477385817
0 1 0
0 1 0
0 1 0
0 1 0
0 1 0
0 1 0
0 1 0
-2.66538E-08 1.002404132 -0.782884257
-3.18889E-07 1.001636247 -0.616523261
0 1 0
-1.87329E-08 0.999990875 -0.218205725
0 1 0
0 1 0
0 1 0
1.06127E-07 0.996148994 0.296627592
1.98577E-07 0.99921499 0.460217585
0 1 0
0 1 0
-1.41206E-07 1.000069557 -0.221995456
0 1 0
0 1 0
6.01624E-07 0.997197048 1.379265235
0 1 0
0 1 0
0 1 0
0 1 0
0 1 0
0 1 0
1.98311E-07 0.999842443 0.064242956
0 1 0
1.05628E-07 0.999635609 0.141812213
0 1 0
0 1 0
0 1 0
0 1 0
0 1 0
0 1 0
0 1 0
0 1 0
0 1 0
0 1 0
0 1 0
0 1 0
-7.10764E-08 1.000945995 -0.848711758
0 1 0
0 1 0
1.60059E-07 0.999314613 0.536961335
3.46635E-08 1.000233628 -0.255411238
-4.62952E-08 1.000865693 -0.549569963
0 1 0
9.06897E-07 0.997403674 1.423233862
0 1 0
0 1 0
0 1 0
1.62156E-07 0.999591075 0.590890082
0 1 0
0 1 0
0 1 0
0 1 0
0 1 0
0 1 0
0 1 0
0 1 0
6.64346E-09 1.002319601 -0.518061271
4.32148E-07 0.998844745 0.28448084
0 1 0
0 1 0
0 1 0
0 1 0
0 1 0
-8.33485E-08 1.003344047 -0.267216422
0 1 0
0 1 0
-2.65336E-07 1.005075819 -0.974989011
6.5797E-08 0.999673808 0.395466977
1.5313E-07 0.999984351 -0.223843726
0 1 0
0 1 0
0 1 0
0 1 0
0 1 0
0 1 0
0 1 0
0 1 0
0 1 0
0 1 0
0 1 0
0 1 0
6.26375E-07 0.99772266 1.640390512
0 1 0
0 1 0
0 1 0
0 1 0
0 1 0
