3.30236E-05 2.307958845 0 0 0 0 0 0 4.42705E-05 0.596664274 0 0 3.29095E-05 0.83028985
3.34497E-05 1.953225141 0 0 0 0 0 0 4.25006E-05 1.145702883 3.9848E-05 0.263843672 3.35858E-05 0.113486223
3.30684E-05 1.991277716 3.14742E-05 2.52769887 0 0 3.31206E-05 1.974074973 3.99653E-05 2.174963173 3.56136E-05 2.199797268 3.07344E-05 1.676168824
3.28185E-05 1.915621303 3.331E-05 1.269746836 0 0 3.23672E-05 2.296125764 4.00427E-05 1.939444813 3.52671E-05 2.151968 3.00585E-05 1.835179724
3.16495E-05 2.453669046 3.20642E-05 1.688467211 0 0 3.29533E-05 1.731345876 3.96544E-05 1.947107679 3.49245E-05 2.093711433 2.85864E-05 2.674273198
3.17302E-05 2.189856008 3.03838E-05 2.445339661 0 0 3.26075E-05 1.719634805 3.88122E-05 2.208043305 3.59828E-05 1.353948554 2.98535E-05 1.569309879
3.14324E-05 2.187931737 2.94124E-05 2.787699511 0 0 3.2697E-05 1.439957202 3.91187E-05 1.874961164 3.4608E-05 1.91717773 2.85821E-05 2.187021841
3.10376E-05 2.23593417 3.15482E-05 1.309154267 0 0 3.14619E-05 2.002774598 3.94712E-05 1.534796805 3.33488E-05 2.462219625 2.69224E-05 3.010282536
3.04943E-05 2.321215415 3.13571E-05 1.186752048 0 0 3.06063E-05 2.150725495 4.03039E-05 0.945005822 3.44706E-05 1.61168347 2.86465E-05 1.717901104
3.07036E-05 1.99327595 3.10092E-05 1.201572149 0 0 3.02765E-05 2.145159404 3.86368E-05 1.624980069 3.49684E-05 1.196636999 3.02542E-05 0.497994944
3.02555E-05 2.079606476 3.09643E-05 1.001112408 0 0 3.11272E-05 1.467286634 3.84333E-05 1.575383255 3.41821E-05 1.429715585 3.06087E-05 0.13222152
3.03545E-05 1.857003816 3.03383E-05 1.195770669 0 0 3.12079E-05 1.255981582 3.85815E-05 1.340225083 3.31158E-05 1.863101331 2.88756E-05 1.015546996
2.99787E-05 1.893351268 2.92022E-05 1.688983473 0 0 3.16323E-05 0.844668744 3.8025E-05 1.437649861 3.34463E-05 1.498419155 2.8686E-05 0.926092199
2.97369E-05 1.825432759 3.01847E-05 0.812225629 0 0 2.93408E-05 2.014821901 3.89629E-05 0.812233924 0 0 2.77015E-05 1.371402296
2.97273E-05 1.663943804 2.96726E-05 0.987331986 0 0 2.90997E-05 2.010189789 3.75303E-05 1.368947117 0 0 2.77672E-05 1.096037579
2.88817E-05 2.000498483 2.92378E-05 1.053102194 0 0 2.8842E-05 1.943580244 3.68884E-05 1.552733455 0 0 2.82086E-05 0.606937949
2.85577E-05 2.03617103 2.85857E-05 1.308027961 0 0 2.91733E-05 1.586120408 3.74827E-05 1.099552568 0 0 2.76316E-05 0.706228961
2.91008E-05 1.567226361 2.81234E-05 1.420146485 0 0 2.88518E-05 1.62110002 3.55054E-05 1.900181148 0 0 2.93402E-05 -0.522522747
2.98386E-05 1.005220482 2.79278E-05 1.362053844 0 0 2.794E-05 1.932528319 3.56873E-05 1.717650952 3.23875E-05 0.975699652 2.84679E-05 -0.137695564
2.96384E-05 0.974373201 2.78295E-05 1.270235896 0 0 2.78994E-05 1.791975544 3.59327E-05 1.449269829 3.02683E-05 2.002599628 2.68999E-05 0.690315067
2.92995E-05 1.005307771 2.7336E-05 1.387982043 0 0 2.75808E-05 1.850555246 3.54586E-05 1.556348532 3.04295E-05 1.816188801 2.63253E-05 0.871478434
2.71015E-05 2.142116237 2.72924E-05 1.255754505 0 0 2.7384E-05 1.798541495 3.47388E-05 1.763585029 3.07085E-05 1.566249018 0 0
2.69587E-05 2.07630418 2.67807E-05 1.430586291 0 0 2.72471E-05 1.761738021 3.50485E-05 1.473183516 3.11913E-05 1.171317299 0 0
