1 1.092662077 0.897548407 1.105146682
1 1.093184646 0.892596507 1.115112775
1 1.094310474 0.887313219 1.12726446
1 1.091319396 0.87989019 1.146572714
1 1.023933423 1.03170513 1.053905259
1 1.020319705 1.042229967 1.051975599
1 1.026916322 1.054130094 1.050972132
1 1.027763811 1.058402716 1.050026545
0 0 0 0
0 0 0 0
0 0 0 0
0 0 0 0
1 1.190877454 1.040368566 1.027906033
1 1.204441621 1.050264091 1.018559773
1 1.219698484 1.050114008 1.011220897
1 1.236347912 1.058488995 1.005558774
1 0.868587975 0.917968819 0.757341957
1 0.873092761 0.911344375 0.757093236
1 0.880991545 0.905552536 0.754858819
1 0.888224343 0.897717225 0.751215195
1 0.876174465 0.907640475 0.857733835
1 0.879561918 0.902356085 0.863129533
0 0 0 0
1 0.876718501 0.886823152 0.891646289
0 0 1 0
0 0 1 0
0 0 1 0
0 0 1 0
